Error: 48.324022346368714%
Accuracy: 51.675977653631286%
